timestamp, gforce
0,-0.37252671302743146
4882,-0.32578390902955157
9765,-0.36449990958201006
15136,-0.34182476476360435
20019,-0.33457652139557936
23437,-0.3466139602352012
26855,-0.34197693126092155
29785,-0.29209830772572687
37597,-0.3844340796986163
44921,-0.3587020623532542
49804,-0.345320128345989
55175,-0.3105488782666832
58105,-0.3394064391488225
61523,-0.320820409882721
64941,-0.3467896863748283
72753,-0.3706996009196075
80078,-0.38355472827485393
84960,-0.40368801118633435
89843,-0.3103335312559725
95214,-0.3739124037787249
100097,-0.3754331055984945
104980,-0.3947289910617773
109863,-0.36818025008373567
115234,-0.37769158724478835
120117,-0.37992507536709574
125000,-0.36517450624763015
129882,-0.3730886220004308
135253,-0.35901496673974975
140136,-0.3341189237800162
145019,-0.3778403433093356
149902,-0.2785660106069301
153320,-0.3754587608187183
156738,-0.35863107417404194
160156,-0.31555339494663137
167480,-0.3460651256544178
175292,-0.3271389535995457
180175,-0.3847920550777655
185058,-0.32199628469305175
189941,-0.3440142589052133
195312,-0.35800250406861167
200195,-0.3027138366677047
205078,-0.27802638676391034
210449,-0.37740405915869246
215332,-0.3485271261645284
220214,-0.3595085211649405
225097,-0.33871285405884954
229980,-0.3661130093113254
235351,-0.29194796478165586
240234,-0.334958362010628
245117,-0.33041859632082726
248535,-0.3605677108907255
251953,-0.3185505675020046
255371,-0.3277422881598202
262695,-0.34267467783405614
270507,-0.403616679866623
275390,-0.3552205054458657
280273,-0.3654756764157483
285156,-0.3590203433351089
290527,-0.3069028988116447
295410,-0.34388445572090554
300292,-0.3491567792462842
305175,-0.3209694188928154
310546,-0.3295385395424777
315429,-0.3224752454129529
320312,-0.35776156311516516
325195,-0.363616821700397
330566,-0.3641046873840015
335449,-0.37681148264703523
340332,-0.37787113067954614
345214,-0.3475343702129976
350585,-0.37950708541189115
355468,-0.2733811645439932
360351,-0.3561607364154913
365722,-0.38535358908346673
370605,-0.3015218612034758
375488,-0.3091594963027209
378906,-0.39645488533675355
382324,-0.36832055484556925
385253,-0.3087003437402345
393066,-0.3584277167022112
400390,-0.3106640786652459
405761,-0.36576949082341415
410644,-0.33236130869046043
415527,-0.42266028755884655
420410,-0.34375141209853943
425781,-0.2815806549605746
430664,-0.3652193814606033
435546,-0.3533675808236243
440429,-0.3571065478634061
445800,-0.34432563000647143
450683,-0.37073661801293767
455566,-0.24870605862308537
460449,-0.4193210296406793
465820,-0.39246600266408116
470703,-0.3133516141373338
475585,-0.2918999092286967
480468,-0.3489840882277875
485839,-0.36143379380401086
490722,-0.3464764375967384
495605,-0.3895264931860183
500488,-0.33913974720682205
505859,-0.3620496042413084
510742,-0.39661121117975995
515625,-0.39853850233829924
520507,-0.3419769965846111
525878,-0.36111156831096025
530761,-0.36966041106519576
535644,-0.3959478038685518
540527,-0.3582720723507453
543945,-0.340064420540207
547363,-0.3680573160844478
550781,-0.3574754057787537
558105,-0.3296075050467824
565917,-0.35111876606724657
570800,-0.32307826820709984
575683,-0.32778795133260985
580566,-0.3496648119380037
585449,-0.326273393931384
590820,-0.34162163718617755
595703,-0.3727231851225934
601074,-0.361665267525062
605957,-0.36533276434376205
610839,-0.31596376023225936
615722,-0.3579034959891736
621093,-0.334517639193745
625976,-0.3286536793294612
630859,-0.3832485000672534
635742,-0.38455903076459386
641113,-0.3539880187433937
645996,-0.38687458428201893
649414,-0.2918058401972612
652832,-0.38454600557863294
655761,-0.3837408576373331
663574,-0.333851253900729
670898,-0.2824592209760741
675781,-0.3524768906850646
681152,-0.3139496474109418
684082,-0.3111153535888391
687500,-0.38828118980003445
690917,-0.35777165389712096
698730,-0.37804038033855925
706054,-0.27700533812871697
710937,-0.4335661383363476
715820,-0.37546765416872496
721191,-0.3661502735421429
726074,-0.33625804575131824
730957,-0.2900322953292509
735839,-0.3941933373429851
741210,-0.33237039146281866
746093,-0.31619699071771024
750976,-0.3846309155800327
754394,-0.4257032191749808
757812,-0.37567191034665015
761230,-0.35903591571798366
768554,-0.36103321643971675
776367,-0.36958265343062635
781250,-0.34942187233482436
786132,-0.412594222050533
791015,-0.3681485287989297
796386,-0.29208774111167557
801269,-0.27592627449544516
806152,-0.30145881356192206
811035,-0.3418549359290939
816406,-0.37363402856264294
821289,-0.378243837388915
826171,-0.38480669899444564
831054,-0.36552846757626334
836425,-0.36577140614041603
841308,-0.3641392598356834
846191,-0.3184152615565665
851074,-0.3724406615211162
856445,-0.3008633499027411
861328,-0.3740128753203855
866699,-0.33295225551324137
871582,-0.36631346317690827
876464,-0.31476863265659105
881347,-0.3441136509246867
886230,-0.3760349742831153
891113,-0.3195607962430209
894531,-0.402079883566584
897949,-0.3384575670596206
901367,-0.3963411934535852
908691,-0.33471689554094297
916503,-0.3282230138252995
921386,-0.3255056708996502
926269,-0.3853327010028966
931640,-0.32584094470531433
936523,-0.3152406800143446
941406,-0.36884135252587136
946289,-0.3291206332086123
951660,-0.3785223732074261
956542,-0.34509456109246806
961425,-0.3795449537323279
966308,-0.3454896084561465
971191,-0.39728464419933474
976562,-0.2891681602568461
981445,-0.3819101397306319
986328,-0.3286345486992417
991699,-0.34365319805590744
996582,-0.38745124509989104
1001464,-0.31546139059807565
1006347,-0.40361499219484287
1011718,-0.3187869843106732
1016601,-0.4014472600688901
1021484,-0.3660015014919651
1026367,-0.3815537413584913
1031738,-0.33426396006864145
1034667,-0.3687871078062983
1038085,-0.36992639513525916
1041503,-0.313717152713048
1049316,-0.42655019605369837
1056640,-0.38722755650792884
1061523,-0.3520439920475411
1066894,-0.3986391068618307
1071777,-0.3775021045026019
1076660,-0.2921522644074681
1081542,-0.38178397172989875
1086425,-0.3202425733892884
1091796,-0.38933860774355367
1096679,-0.3650425626595961
1102050,-0.3277303561269136
1106933,-0.34655195952854356
1111816,-0.3308196925500724
1116699,-0.35369059479211273
1121582,-0.40117618466719485
1126953,-0.38759115050189763
1129882,-0.3792167637818764
1133300,-0.34014828330079183
1136718,-0.37585645766511355
1144042,-0.37738256874255605
1151855,-0.43814434402251834
1156738,-0.3134311141594299
1161621,-0.2898074620791018
1166992,-0.3583456515014749
1171875,-0.3379583853750159
1176757,-0.35107706807551864
1181640,-0.33598365227396876
1187011,-0.3397414571887136
1191894,-0.3767978640409311
1196777,-0.35963645004154543
1201660,-0.3254644687444568
1207031,-0.34367657640464877
1211914,-0.3723889629713515
1216796,-0.2630324196257483
1221679,-0.30527995181862266
1225097,-0.28938893081109107
1228515,-0.37284798113238793
1231933,-0.32997094669678617
1239257,-0.40146000732595866
1247070,-0.3028078880054803
1251953,-0.3210317655945758
1256835,-0.38467173687305944
1262207,-0.38684061052142305
1267089,-0.3818772357101743
1271972,-0.39658813749506194
1276855,-0.3969252405867483
1281738,-0.3727255366977822
1287109,-0.3607975298263373
1291992,-0.32070580211520117
1296875,-0.3085193741344323
1302246,-0.32294163421558864
1307128,-0.3225878454489255
1312011,-0.38430377012433325
1316894,-0.37953959612863564
1320312,-0.42414783519283183
1323730,-0.3649106709096124
1327148,-0.36536142640979286
1334472,-0.3508535755051234
1342285,-0.38211081435995276
1347167,-0.2759722611679294
1352050,-0.3584658154132132
1356933,-0.3585812499913139
1361816,-0.3611495126831219
1367187,-0.37042018918272923
1372070,-0.31543303210365714
1376953,-0.31808931914185656
1380371,-0.3636704024803006
1383789,-0.394165223748713
1387207,-0.3271334760945379
1394531,-0.33679072276675726
1402343,-0.34584198902263097
1407226,-0.30712115547138374
1412109,-0.3758182129414749
1415527,-0.3741192731411438
1418945,-0.2941055035499289
1422363,-0.33684471945544026
1429687,-0.3175215975511936
1437011,-0.3710397123578506
1442382,-0.39026272558430364
1447265,-0.3253503024477489
1452148,-0.3783554051801268
1457519,-0.3590436097763483
1462402,-0.3573432509993353
1467285,-0.32499977863835383
1472167,-0.34160826850237136
1477050,-0.31692784987313516
1482421,-0.27973535341356204
1487304,-0.37688343530992796
1492187,-0.31765283126116906
1497558,-0.38366546954508607
1502441,-0.35520847179760473
1507324,-0.3401103233710039
1512207,-0.30117840733812784
1517578,-0.3788197133097224
1522460,-0.3114536526191394
1527343,-0.36231519756960573
1532226,-0.3534712347149167
1537597,-0.3451219647946324
1542480,-0.37090198782368056
1545898,-0.36246339627088986
1549316,-0.3509080167873666
1552246,-0.3490216000228674
1560058,-0.32967668211717616
1567382,-0.2913445487058599
1572265,-0.3937797131467011
1577636,-0.28252666801308024
1582519,-0.36552846757626334
1587402,-0.42135038745993647
1592285,-0.3604336137149087
1597656,-0.35627469065823547
1602539,-0.33621760948853385
1607421,-0.28131908438865594
1612304,-0.32405171973663727
1617675,-0.3595995114543076
1622558,-0.3391886063255214
1627441,-0.3082642868969856
1632812,-0.36046058151158
1637695,-0.3740157776658375
1641113,-0.3998569598771322
1644042,-0.3534921713326007
1647460,-0.3635255528214678
1655273,-0.37962005086288997
1662597,-0.29450702333151213
1667480,-0.31629479834623453
1672851,-0.32586898958497024
1677734,-0.34723200935604837
1682617,-0.3403910503569101
1687500,-0.37768826788983745
1692871,-0.34789307611568177
1697753,-0.2890005900154762
1701171,-0.31520978177554326
1704589,-0.33552799082472795
1707519,-0.3654938745433025
1715332,-0.3599144748398153
1722656,-0.33611982643693317
1727539,-0.36014792898961545
1732910,-0.37475564297198005
1735839,-0.303377875137242
1739257,-0.3767036140901592
1742675,-0.39140081748099753
1750488,-0.3802268667208786
1757812,-0.3873822105153888
1762695,-0.39152398684164424
1767578,-0.38970953564547095
1772949,-0.3964496185757973
1777832,-0.3679152804479049
1782714,-0.41126389519750006
1787597,-0.2997422771773337
1792968,-0.2924707353403999
1797851,-0.33662391537996683
1802734,-0.3118195963321888
1807617,-0.40420569699116804
1812988,-0.3582205320315275
1817871,-0.34719456995046016
1822753,-0.3485967907809826
1827636,-0.3069201363375438
1833007,-0.4059092122112524
1837890,-0.31815156622909235
1842773,-0.3487678967859935
1848144,-0.3296366071634207
1853027,-0.3809813678207217
1857910,-0.32813806137577295
1862792,-0.33915644901829545
1868164,-0.3513099510734037
1873046,-0.33009167798301675
1877929,-0.3400036594156344
1882812,-0.30080457687540196
1888183,-0.33259349799170757
1893066,-0.31282398064366745
1897949,-0.37229400699725446
1902832,-0.35423651879674267
1907714,-0.31371828122322043
1913085,-0.3184436635453416
1917968,-0.3615220440224025
1922851,-0.3208761868932761
1928222,-0.32097175769322916
1933105,-0.4006980391279793
1936523,-0.4109799849335172
1939941,-0.392181000776743
1942871,-0.35829169000322025
1950683,-0.3332750029758671
1958007,-0.42978373507895107
1963378,-0.34101251206250716
1968261,-0.3246889768605552
1973144,-0.34661086676452335
1978027,-0.3916622675395409
1983398,-0.42810390780404717
1988281,-0.29790162805478637
1993164,-0.3152418884390418
1998046,-0.44072717464930555
2003417,-0.3182033329466769
2008300,-0.36109821054040125
2013183,-0.36772093963487684
2018066,-0.3683401895005023
2023437,-0.4330629958276617
2028320,-0.2966111022838902
2033203,-0.34050517904445243
2038085,-0.3943787117520081
2043457,-0.34215257133335797
2048339,-0.3761084456587547
2053222,-0.3821485923747563
2058105,-0.339334893817151
2063476,-0.3278611985259783
2068359,-0.35132675513909817
2073242,-0.31634930935309313
2078125,-0.388681610962605
2083496,-0.332792311800457
2088378,-0.32925730258082986
2091796,-0.34758609782252137
2095214,-0.33756994737522383
2098144,-0.3541387835774259
2105957,-0.35898087810870294
2113281,-0.35449901943242423
2118652,-0.40352489180368956
2123535,-0.3250616228952907
2126953,-0.3104421333419136
2130371,-0.3016053150774436
2133300,-0.36200724682080754
2141113,-0.3254644687444568
2148437,-0.3375789773596818
2153320,-0.40666139005898927
2158691,-0.327430898282266
2163574,-0.31093939666567216
2168457,-0.3484014033177445
2173339,-0.38225898885757914
2178710,-0.5368107281827186
2183593,0.3229660033054067
2187011,-0.5791390585945688
2189941,0.18129632808645724
2193359,0.28134277606545055
2201171,-1.2635938184974265
2208496,0.06065538865009579
2213378,-0.031922937099947646
2218750,-0.7389053333274713
2222167,-0.16414842803494878
2225097,-0.06259540548844456
2228515,-0.3389991615317598
2236328,-0.5103354154490685
2243652,-0.22349866295409626
2248535,-0.5062950239594581
2253417,-0.27647821395424366
2258789,-0.2393705718735184
2263671,-0.5707213770101571
2268554,-0.24996128050927702
2273925,-0.2395611223321783
2278808,-0.39974670813179536
2283691,-0.3719284343038183
2288574,-0.39537008686709285
2293945,-0.562746057159254
2298828,-0.11359543564280727
2303710,-0.7107921115314735
2308593,-0.2505002738385347
2313964,-0.29098727539168934
2316894,-0.37478144619756115
2320312,-0.2421885221931248
2323730,-0.294203236598122
2331542,-0.42778059928713397
2338867,-0.5316816724052451
2343750,-0.2588895371841815
2348632,-0.6563462535592759
2352050,-0.4738561162153836
2355468,-0.2332848518750108
2358886,-0.42339961047727925
2366210,-0.4766667833755527
2374023,-0.2087402334279833
2378906,-0.5033151943726448
2383789,-0.5373195770105212
2389160,-0.3614348855791327
2394042,-0.4609736786502534
2398925,-0.3368270244270004
2403808,-0.2848166854438521
2408691,-0.2484184281709929
2414062,-0.2871853671643425
2418945,-0.415292757284746
2423828,-0.3820541391133414
2429199,-0.4162902544527718
2434082,-0.4518159500032155
2438964,-0.40111807455068416
2443847,-0.2403719523603609
2447265,-0.27322735361294725
2450683,-0.38225898885757914
2454101,-0.15549248667700866
2461425,-0.42659578281816657
2469238,-0.45852938050784786
2474121,-0.21720885093021813
2479003,-0.4145295357784544
2483886,-0.3976520842231501
2489257,-0.23321001092117122
2494140,-0.3511807467886552
2499023,-0.49866391055373427
2503906,-0.2769491547128151
2507324,-0.32162719997220535
2510742,-0.49166996054563583
2514160,-0.18571897072927612
2521484,-0.41530425132448556
2529296,-0.483616743729101
2534179,-0.18806752199437327
2539062,-0.3705509573858574
2542480,-0.4102794647796877
2545898,-0.29319633687123314
2549316,-0.19545677104569137
2556640,-0.4813161471954235
2563964,-0.22023291053010574
2569335,-0.3582529386594189
2574218,-0.4949806934747567
2579101,-0.2655607386031793
2584472,-0.19501786091692885
2589355,-0.480645741147983
2594238,-0.23385665694319613
2599121,-0.3006142583104481
2602539,-0.49152614605516654
2605957,-0.3657736735797261
2609375,-0.33736601424995705
2616699,-0.3587360502602728
2624511,-0.311309465642152
2629394,-0.20371091469724156
2634277,-0.43230163266221844
2637695,-0.277118841210223
2641113,-0.2792735520100642
2644531,-0.41950054497239186
2651855,-0.3060516588199427
2659179,-0.2819959193679651
2664550,-0.3971871295173113
2669433,-0.24929312247574664
2674316,-0.35733638246574095
2679199,-0.44966430672379865
2684570,-0.3430845267365754
2689453,-0.32538063604781087
2694335,-0.37852501384784887
2699218,-0.3061025989890265
2704589,-0.31970545190385913
2709472,-0.34194127362891535
2714355,-0.32239593360898056
2719238,-0.32110465281513534
2724609,-0.469694467946848
2729492,-0.35504857976225956
2734375,-0.3199348286495187
2739746,-0.2653505428267362
2744628,-0.3151801423209637
2749511,-0.3106668127241541
2754394,-0.3440964604768606
2759277,-0.34440189849711444
2764648,-0.3592402665311898
2769531,-0.37496595445896297
2774902,-0.31808990067465714
2779785,-0.31346493984034574
2784667,-0.3433362845154395
2789550,-0.41272880848290683
2794433,-0.3513886333632126
2799316,-0.4758427699368166
2804687,-0.31059193553241826
2809570,-0.39407542944726437
2814453,-0.36302180368803505
2819824,-0.31620031926438585
2824707,-0.3179366090725946
2829589,-0.3154841370928807
2834472,-0.37483609109674454
2839843,-0.38214568753068434
2844726,-0.29402608080622095
2849609,-0.359709050291249
2854492,-0.3017817677163457
2859863,-0.30008933252928927
2864746,-0.3510848055307605
2869628,-0.41362703964027503
2874511,-0.34636441312783006
2879882,-0.2871592706968169
2884765,-0.38506357280429526
2889648,-0.31150707270964517
2895019,-0.32033760560094393
2899902,-0.37055039189696615
2904785,-0.35373968675171774
2909667,-0.340412337732495
2914550,-0.4515679871634273
2919921,-0.3641046873840015
2924804,-0.32998328369112606
2930175,-0.4158122579909538
2935058,-0.33913325056923505
2939941,-0.3441245865057354
2944824,-0.4434908926114556
2948242,-0.33950812613423764
2951660,-0.29646885840324444
2954589,-0.31567637604139165
2962402,-0.3106730908576818
2969726,-0.3186232571633685
2973144,-0.42002034786436226
2976562,-0.39104883839990023
2979980,-0.3806397835804347
2987304,-0.435685767819983
2995117,-0.2969545364870516
3000000,-0.3301380154989584
3004882,-0.3729393401715484
3009765,-0.34467749917954293
3015136,-0.334559149062466
3020019,-0.4068021683132823
3024902,-0.36945388001718804
3029785,-0.33958727427718927
3035156,-0.35340629303357574
3038085,-0.30190513624267723
3041503,-0.3607695119659944
3044921,-0.3639156272253654
3052246,-0.37046572410315903
3060058,-0.35777165389712096
3063476,-0.30811004114255525
3066894,-0.3242627832942677
3069824,-0.38046032195059176
3077636,-0.3626888628237559
3084960,-0.32021590374783315
3088378,-0.37286947271134707
3091796,-0.4491636436419899
3095214,-0.3944279888573021
3102539,-0.325432392434859
3109863,-0.44951270963368906
3115234,-0.3072644971880969
3120117,-0.2895888298533258
3125000,-0.3132198436335294
3129882,-0.34787931600594746
3135253,-0.36034644223827783
3140136,-0.36258315901497973
3145019,-0.35442222398480183
3149902,-0.3395397361955812
3154785,-0.34095071288238366
3160156,-0.32237367203727096
3165039,-0.3077427153530845
3170410,-0.3588019776687812
3175292,-0.3775706163117931
3180175,-0.28903780012572966
3185058,-0.32637492467484996
3189941,-0.3538688492612678
3194824,-0.3420906649178086
3200195,-0.4082259067297116
3205566,-0.4133905983263997
3210449,-0.3372970457265154
3213867,-0.3531778519880451
3217773,-0.3534901548931728
3221191,-0.3318606452851345
3225097,-0.37340031735607937
3232910,-0.4191789762079381
3240234,-0.3856351318799849
3245123,-0.3790792508569556
3250494,-0.3189776048194073
3255377,-0.3611212129224146
3258795,-0.33414390769074487
3262213,-0.30102012451392746
3265143,-0.3801214165539779
3272955,-0.3504923573088039
3280279,-0.37202248345984223
3283697,-0.34616768982798085
3287115,-0.34361028610138256
3290533,-0.28877193927702116
3297857,-0.30971002204349496
3305182,-0.27567464976371703
3310553,-0.32935491925160854
3315435,-0.38120268046168526
3320318,-0.33442249901575494
3325201,-0.42411552239166284
3330572,-0.3541119031641973
3335455,-0.3965136689069251
3340338,-0.34250061902994666
3345221,-0.33742606064247305
3350592,-0.3928766415018927
3355475,-0.3488003866775138
3360357,-0.3776944754498448
3365240,-0.3496094294363008
3370611,-0.33890459018740593
3375494,-0.33953259102476174
3380377,-0.31707163644531633
3385260,-0.33641262692120044
3390631,-0.3652683062755173
3395514,-0.35340214859200714
3400885,-0.3577388186895991
3405768,-0.34894000432151984
3410650,-0.370638303999522
3415533,-0.3893798078271402
3418951,-0.39394015671672733
3422369,-0.3902101119779733
3425787,-0.32237889754985183
3433111,-0.3303383561766253
3440435,-0.404146506249619
3445807,-0.30704834552552995
3450689,-0.3662397178667547
3455572,-0.3850635263405451
3460455,-0.34524675682217243
3465826,-0.334304687061314
3470709,-0.3338447608963495
3475592,-0.3389725389282905
3480475,-0.2632237200747607
3485846,-0.32895547487028587
3490728,-0.3556648058950511
3495611,-0.3486801498504448
3500494,-0.3288821199116825
3505865,-0.3769694813150082
3510748,-0.2739010571156726
3515631,-0.36353573449235554
3520514,-0.26588851400232016
3525885,-0.322965489875946
3530768,-0.36367113672492835
3535650,-0.3608808770338534
3540533,-0.4008538835823394
3545904,-0.3822682543112652
3550787,-0.39148326317370774
3555670,-0.3297015662573006
3560553,-0.40613103156689156
3565924,-0.3242615239773894
3570807,-0.3635391832622066
3574225,-0.4279906749645015
3577643,-0.37609104336902277
3580572,-0.38632304240101334
3588385,-0.3758690137419318
3595709,-0.3285508184559731
3601080,-0.30001115129645584
3605963,-0.3261687774700661
3610846,-0.3657063643882861
3615728,-0.380688156544581
3620611,-0.3200060895747061
3625982,-0.4355269062198168
3630865,-0.3749138613196923
3635748,-0.2823616425996214
3641119,-0.3137010083906553
3646002,-0.2815273683948778
3650885,-0.3606328826185763
3655768,-0.35625133488509597
3661139,-0.38488551453890807
3666021,-0.295913047393368
3670904,-0.3564904543844243
3675787,-0.3722393926024665
3681158,-0.37889092282883396
3686041,-0.3487713902809517
3690924,-0.3021024485929953
3695807,-0.3560695894636954
3700689,-0.3251299549864921
3706060,-0.3245713008452622
3710943,-0.35621510867953354
3715826,-0.36078688600080255
3721197,-0.3675307569142099
3726080,-0.38149686946059624
3730963,-0.3565441290198166
3735846,-0.3986127362273546
3741217,-0.3039794379811074
3746100,-0.3131822475806114
3750982,-0.3963369798255343
3755865,-0.3378382861731133
3761236,-0.38924291393139043
3766119,-0.3699867332845539
3771002,-0.3323940062977986
3774420,-0.35076773637908865
3777838,-0.31361690104923134
3781256,-0.3539008720388708
3788580,-0.3509254880820478
3795904,-0.41795193498724537
3801275,-0.3611100845163655
3806158,-0.39161604380105786
3811041,-0.33261156410813975
3815924,-0.3702691834444405
3820807,-0.29927057175940774
3826178,-0.3149696784875555
3831060,-0.3111922537108409
3836432,-0.3228524641557211
3841314,-0.4327812569523761
3846197,-0.3727033525642742
3851080,-0.3821748322389915
3855963,-0.36622949884377576
3861334,-0.3697299157088203
3866217,-0.29484399884047896
3871100,-0.34862603570988426
3876471,-0.3323677853492022
3881353,-0.34216433738083474
3886236,-0.3639365370982457
3891119,-0.3515799623807787
3896490,-0.3488202645902696
3901373,-0.27378340765789666
3906256,-0.2729390978995472
3909674,-0.34404814404906503
3913092,-0.3793124249317632
3916510,-0.3009011872936558
3923834,-0.31177697732250387
3931158,-0.3366490908775308
3936529,-0.35309633604815893
3941412,-0.3797518016107997
3946295,-0.3891248676518373
3951178,-0.33820809080921777
3956549,-0.30767505532474715
3961432,-0.35878002989701585
3966314,-0.3842164740518008
3971197,-0.32067906611607633
3976568,-0.35826015172865766
3981451,-0.2868610390389339
3986334,-0.3636704024803006
3989752,-0.41261348207893
3993170,-0.3135704796367573
3996588,-0.342610154052716
4003912,-0.3900049735442135
4011236,-0.349676368484257
4016607,-0.36650792122557085
4021490,-0.33432131135864473
4026373,-0.3829734163594889
4031256,-0.3605948096770213
4036627,-0.3180667691286345
4041510,-0.38192430926430454
4046393,-0.3588409119679721
4051275,-0.31580342523627003
4056646,-0.38696242140615134
4061529,-0.3937330124462033
4066412,-0.3373338284793448
4071295,-0.34252093296919384
4076666,-0.3784684991661962
4081549,-0.3548392663844915
4086432,-0.2776644456630013
4091803,-0.422502007415682
4096685,-0.3558106298988388
4101568,-0.3842672159461582
4106451,-0.37184377096756016
4111822,-0.37142612740609415
4116705,-0.3412733382809936
4121588,-0.3544188281735696
4126471,-0.3195296610574747
4131842,-0.3472905869431422
4136725,-0.31618389495000443
4141607,-0.3251003116533209
4146490,-0.36438835167177075
4149908,-0.37439912968353006
4153326,-0.29681551719253463
4156744,-0.31055447990729945
4164068,-0.36067850479967767
4171881,-0.34460860393371995
4176764,-0.3402042586160672
4181646,-0.33444050345215537
4186529,-0.35585017418783416
4189947,-0.3351325262540499
4193365,-0.4282075653858737
4196783,-0.3952721555892733
4204107,-0.3643711804634222
4211920,-0.29348645425662845
4216803,-0.3064216867108751
4221685,-0.38644997279669546
4226568,-0.30672164045970973
4231939,-0.2942219093786811
4236822,-0.38497819262639865
4241705,-0.31148210254633213
4246588,-0.3768674212743086
4251959,-0.34395222561341043
4256842,-0.3895135613811984
4261725,-0.4074557725392598
4267096,-0.31122232809622297
4271978,-0.3946570254895434
4276861,-0.3637456310507474
4281744,-0.39619974964215743
4285162,-0.39657698639382843
4288580,-0.33619797226159953
4291998,-0.38194100211583937
4296881,-0.2955711020603484
4302252,-0.3441051900599774
4307135,-0.35154187207488263
4312994,-0.34866203337947077
4319342,-0.2941979271892414
4325689,-0.41837804075311524
4332037,-0.4536205523517456
4336920,-0.3123656111417006
4341803,-0.3471754435302099
4347174,-0.2943577833766593
4352057,-0.3169763386439026
4356939,-0.35273657982462225
4360357,-0.3841767299829204
4363775,-0.36425282016920946
4367193,-0.35501198348029384
4374518,-0.37266166331716377
4381842,-0.3489572723144221
4387213,-0.35850996295999593
4392096,-0.36390552983153945
4396978,-0.4450296594090144
4401861,-0.28462574807114116
4406744,-0.3919192664029616
4412115,-0.32739222728166695
4416998,-0.36118230991195865
4421881,-0.34025953630749406
4427252,-0.3130457676473828
4432135,-0.3297679700232674
4437018,-0.34703037812633397
4441900,-0.3382669461524497
4446783,-0.348962562545454
4452154,-0.4074967161865839
4457037,-0.34696950710728736
4462408,-0.37337818562540903
4467291,-0.34665894700611233
4472174,-0.35887010410072584
4477057,-0.3330354729621483
4482428,-0.3493200096501372
4487310,-0.3361750303991151
4492193,-0.32754917283275375
4497076,-0.37017304832377107
4502447,-0.3692001124525426
4507330,-0.37428422122766847
4512213,-0.39084344644393987
4517096,-0.36986429133629706
4520514,-0.34566804224800407
4523932,-0.2666014099182661
4527350,-0.3427724391160343
4534674,-0.3672853228502859
4542486,-0.3438569560641156
4545416,-0.31437427757963476
4548834,-0.3822742298500863
4552252,-0.29841527408086144
4560064,-0.36557151348197436
4567389,-0.33451677668440816
4572271,-0.3350081271241958
4577154,-0.3783048988139157
4582525,-0.38980336397663073
4587408,-0.3630960619987391
4592291,-0.3516417961706253
4597174,-0.38490470212930283
4602057,-0.328110059539247
4607428,-0.36827758064816685
4612310,-0.3107239718156176
4617193,-0.39511040061904623
4622564,-0.3574003923751441
4627447,-0.3677827484803782
4632330,-0.38205003230605783
4637213,-0.41091826295477674
4642584,-0.3150742554746486
4647467,-0.31838480084746834
4652350,-0.3516728632649997
4657721,-0.33229412014733306
4662603,-0.38988761943822325
4667486,-0.35907035445342395
4672369,-0.43434168800542317
4675787,-0.36082792724785584
4679205,-0.35904397107113617
4682623,-0.35403512251260594
4689947,-0.43423702438910183
4697760,-0.3366871369187283
4702643,-0.3960004146527698
4707525,-0.31021422841416424
4712408,-0.3650488275104369
4715826,-0.32521702122474494
4719244,-0.29151095453236486
4722662,-0.3632857902192068
4729986,-0.28455585341015244
4737799,-0.29432478526135775
4740728,-0.3422037708173544
4744146,-0.357189971937526
4747564,-0.2881193875654855
4755377,-0.35427763134362067
4762701,-0.30393291493761865
4767584,-0.37102015651784903
4772955,-0.3534359676555354
4777838,-0.33057011288166116
4782721,-0.33205501361122813
4787603,-0.3061189600538068
4792486,-0.4282446232983883
4797857,-0.3564063773995052
4802740,-0.36272531397976415
4807623,-0.3885888614379258
4812994,-0.3617575678097307
4817877,-0.37103447916027044
4822760,-0.3109512424941272
4827643,-0.3798145367025185
4833014,-0.32680892707372244
4837896,-0.34636441312783006
4842779,-0.34287470435299205
4847662,-0.3148772854697608
4853033,-0.30619218909173895
4857916,-0.4208146073526233
4861334,-0.3511547693793613
4865240,-0.39089586292346823
4869146,-0.33717152162946995
4873053,-0.3648097911348156
4879400,-0.3835762828647997
4886236,-0.36528145471693385
4893072,-0.3728766661676044
4897955,-0.3368270244270004
4902838,-0.38292843749884753
4907721,-0.3092731696551194
4913092,-0.3650725239400394
4917975,-0.34403144505569827
4921881,-0.38139461031325617
4926275,-0.3171503719741988
4930182,-0.31567266516561077
4934576,-0.405422557211363
4938482,-0.32717048822556904
4942877,-0.3274150254081505
4949713,-0.31011273657085603
4956549,-0.40892367752936387
4962896,-0.3494671065332682
4967779,-0.36073198812377427
4973150,-0.4112638373041779
4978033,-0.3270881493166371
4982916,-0.3580132250091914
4987799,-0.3442125143640329
4993170,-0.3663512782494056
4998053,-0.380572814482516
5002935,-0.39011681538056386
5006353,-0.33310027504980866
5009771,-0.3277303561269136
5013189,-0.3432304943456863
5020514,-0.3411798407525435
5027838,-0.3224697208342828
5033209,-0.327322614977124
5038092,-0.32729239381746744
5042975,-0.32511554865671677
5048346,-0.31976672978112397
5053228,-0.34375141209853943
5058111,-0.32747040129734906
5062994,-0.35786891175873414
5068365,-0.3731542801754699
5073248,-0.3870008204428341
5078131,-0.39624748489816675
5083014,-0.35897213485665347
5088385,-0.384521458677348
5093268,-0.35762138074965755
5098150,-0.31161974567754136
5103033,-0.3322709042526366
5106451,-0.3310072045471628
5109869,-0.4021781362763406
5113287,-0.31897787794309984
5120611,-0.32113801735655834
5128424,-0.35340559399484306
5133307,-0.35447120828271217
5138189,-0.32531877419030764
5141607,-0.3649913202474089
5145025,-0.37071335720335696
5148443,-0.32278834834019143
5155768,-0.3555389881333486
5163092,-0.3213806307949181
